function clrs=myClrs


clrs=[...
     255 204 0
     153 50 0
     93 70 95
     27 48 73
     171 200 209
     23 140 100
     77 78 68];
 
clrs=clrs([1 2 3 5],:)/255;

    
% Copyright 2015 The MathWorks, Inc.
